p(1,1) = 1, c(1,1) = 00;p(1,2) = 2, c(1,2) = 11;
p(2,1) = 3, c(2,1) = 10;p(2,2) = 4, c(2,2) = 01;
p(3,1) = 1, c(3,1) = 11;p(3,2) = 2, c(3,2) = 00;
p(4,1) = 3, c(4,1) = 01;p(4,2) = 4, c(4,1) = 10;